_+_+_+__+_+_+__+_+_+__+_+_+__+_+_+_
ftvec: 12
ftvec: 56
ftvec: 100
ftvec: 144
ftvec: 188
ftvec: 232
ftvec: 276
ftvec: 320
ftvec: 364
ftvec: 408
_+_+_+__+_+_+__+_+_+__+_+_+__+_+_+_
[1610612736]
[4]
[0]
[0]
[0]
[0]
[0]
[1337]
[0]
[0]
[0]
[0]
[0]
[262144]
[1337]
[1337]
[1337]
[1337]
[1337]
[1337]
[1337]
[1337]
[1337]
[1337]
[1337]
[1337]
[1337]
[1337]
[1337]
[12]
[56]
[100]
[144]
[188]
[232]
[276]
[320]
[364]
[408]
[1337]
[1337]
[1337]
[1337]
[1337]
[1337]
[1049913]
[100]
[144]
[188]
[232]
[276]
[320]
[364]
[408]
[1337]
[1337]
[1337]
[1337]
[1337]
[1337]
[1337]
[1360790193]
[-536868872]
[0]
[1610612736]
[4]
[0]
[0]
[0]
[0]
[0]
[1337]
[0]
[0]
[0]
[0]
[0]
[262144]
[1337]
[1337]
[1337]
[1337]
[1337]
[1337]
[1337]
[1337]
[1337]
[1337]
[1337]
[1337]
[1337]
[1337]
[1337]
[12]
[56]
[100]
[144]
[188]
[232]
[276]
[320]
[364]
[408]
[1337]
[1337]
[1337]
[1337]
[1337]
[1337]
[1337]
